1.323996230349877479e+01 6.833354627089810451e-03 2.999999999999999737e-05
1.310887356782057012e+01 6.792236873092802156e-03 2.999999999999999737e-05
1.297908274041640553e+01 6.701346202762877187e-03 2.999999999999999737e-05
1.285057697070931226e+01 6.761614797317348421e-03 2.999999999999999737e-05
1.272334353535575424e+01 6.688116571864932171e-03 2.999999999999999737e-05
1.259736983698589619e+01 6.640983937798979574e-03 2.999999999999999737e-05
1.247264340295633467e+01 6.656305045989121746e-03 2.999999999999999737e-05
1.234915188411518194e+01 6.621604851764891810e-03 2.999999999999999737e-05
1.222688305357938887e+01 6.666490042932978963e-03 2.999999999999999737e-05
1.210582480552414708e+01 6.487461052595100940e-03 2.999999999999999737e-05
1.198596515398430462e+01 6.477968285601590735e-03 2.999999999999999737e-05
1.186729223166762992e+01 6.534197649835054092e-03 2.999999999999999737e-05
1.174979428877982990e+01 6.371745217939774573e-03 2.999999999999999737e-05
1.163345969186121920e+01 6.453521258840056417e-03 2.999999999999999737e-05
1.151827692263487002e+01 6.443064804575250257e-03 2.999999999999999737e-05
1.140423457686620701e+01 6.337698036815764963e-03 2.999999999999999737e-05
1.129132136323386781e+01 6.276418868456371675e-03 2.999999999999999737e-05
1.117952610221174936e+01 6.238283692043575072e-03 2.999999999999999737e-05
1.106883772496212970e+01 6.208944771246836455e-03 2.999999999999999737e-05
1.095924527223973222e+01 6.157630504360168955e-03 2.999999999999999737e-05
1.085073789330666472e+01 6.211335499158641624e-03 2.999999999999999737e-05
1.074330484485808412e+01 6.081126644481062334e-03 2.999999999999999737e-05
1.063693548995849980e+01 6.013542988885500588e-03 2.999999999999999737e-05
1.053161929698861421e+01 5.997474970302261316e-03 2.999999999999999737e-05
1.042734583860258724e+01 5.955022389372417041e-03 2.999999999999999737e-05
1.032410479069563181e+01 5.929877492877595573e-03 2.999999999999999737e-05
1.022188593138181290e+01 5.910002310624713588e-03 2.999999999999999737e-05
1.012067913998199487e+01 5.810157023581434370e-03 2.999999999999999737e-05
1.002047439602177548e+01 5.826724878620495075e-03 2.999999999999999737e-05
9.921261778239381712e+00 5.802390476751426683e-03 2.999999999999999737e-05
9.823031463603349778e+00 5.667035920613326845e-03 2.999999999999999737e-05
9.725773726339950187e+00 5.637074586726734636e-03 2.999999999999999737e-05
9.629478936970249592e+00 5.619913798932535398e-03 2.999999999999999737e-05
9.534137561356683221e+00 5.644194126472965728e-03 2.999999999999999737e-05
9.439740159759089977e+00 5.549840756779502240e-03 2.999999999999999737e-05
9.346277385900089385e+00 5.554670968638601020e-03 2.999999999999999737e-05
9.253739986039693832e+00 5.452142640406393813e-03 2.999999999999999737e-05
9.162118798059102787e+00 5.411440915366868241e-03 2.999999999999999737e-05
9.071404750553567098e+00 5.371463551893027738e-03 2.999999999999999737e-05
8.981588861934222123e+00 5.358697509557324226e-03 2.999999999999999737e-05
8.892662239538834612e+00 5.296054788121686528e-03 2.999999999999999737e-05
8.804616078751321240e+00 5.324304264816966288e-03 2.999999999999999737e-05
8.717441662130022806e+00 5.247007417499839968e-03 2.999999999999999737e-05
8.631130358544575998e+00 5.352506104728868737e-03 2.999999999999999737e-05
8.545673622321363183e+00 5.232418327401705538e-03 2.999999999999999737e-05
8.461062992397387461e+00 5.235427288374145706e-03 2.999999999999999737e-05
8.377290091482562318e+00 5.154718500020246535e-03 2.999999999999999737e-05
8.294346625230261338e+00 5.095737939427517037e-03 2.999999999999999737e-05
8.212224381416099561e+00 5.106583709995071892e-03 2.999999999999999737e-05
8.130915229124850541e+00 5.149810343534877953e-03 2.999999999999999737e-05
8.050411117945397876e+00 5.144604831063174545e-03 2.999999999999999737e-05
7.970704077173661695e+00 5.046509512893458844e-03 2.999999999999999737e-05
7.891786215023426365e+00 4.959134166103180280e-03 2.999999999999999737e-05
7.813649717844977083e+00 5.060771426883038833e-03 2.999999999999999737e-05
7.736286849351461825e+00 4.889655201036039074e-03 2.999999999999999737e-05
7.659689949852931612e+00 4.912743516387861088e-03 2.999999999999999737e-05
7.583851435497953375e+00 4.824161400977623054e-03 2.999999999999999737e-05
7.508763797522725270e+00 4.840742414211989669e-03 2.999999999999999737e-05
7.434419601507648245e+00 4.752182736665603278e-03 2.999999999999999737e-05
7.360811486641236634e+00 4.677575803560256318e-03 2.999999999999999737e-05
7.287932164991324235e+00 4.732145885754679773e-03 2.999999999999999737e-05
7.215774420783487741e+00 4.657343093698483420e-03 2.999999999999999737e-05
7.144331109686621772e+00 4.626902528130871946e-03 2.999999999999999737e-05
7.073595158105566050e+00 4.487704457646226816e-03 2.999999999999999737e-05
7.003559562480758949e+00 4.478427233477677398e-03 2.999999999999999737e-05
6.934217388594810849e+00 4.342896639405785866e-03 2.999999999999999737e-05
6.865561770885950210e+00 4.257600154257671146e-03 2.999999999999999737e-05
6.797585911768267763e+00 4.234702816436015059e-03 2.999999999999999737e-05
6.730283080958680664e+00 4.297596234251414155e-03 2.999999999999999737e-05
6.663646614810574853e+00 4.144685246753487817e-03 2.999999999999999737e-05
6.597669915654034156e+00 4.097986662526217558e-03 2.999999999999999737e-05
6.532346451142608146e+00 4.137724645174471749e-03 2.999999999999999737e-05
6.467669753606543281e+00 4.321415051199524980e-03 2.999999999999999737e-05
6.403633419412418704e+00 4.323310476959513031e-03 2.999999999999999737e-05
6.340231108329128062e+00 4.376912682310321254e-03 2.999999999999999737e-05
6.277456542900125669e+00 4.300630103824800050e-03 2.999999999999999737e-05
6.215303507821907658e+00 4.225959858328015920e-03 2.999999999999999737e-05
6.153765849328621584e+00 4.311043495547705814e-03 2.999999999999999737e-05
6.092837474582792900e+00 4.212839830113704678e-03 2.999999999999999737e-05
6.032512351072073287e+00 4.057207418942027077e-03 2.999999999999999737e-05
5.972784506011953987e+00 4.027191801737372949e-03 2.999999999999999737e-05
5.913648025754409510e+00 4.054525783519860767e-03 2.999999999999999737e-05
5.855097055202384659e+00 3.840106860334010878e-03 2.999999999999999737e-05
5.797125797230084032e+00 3.850983243529765461e-03 2.999999999999999737e-05
5.739728512108993819e+00 3.957550589843724861e-03 2.999999999999999737e-05
5.682899516939598605e+00 3.879957614122737757e-03 2.999999999999999737e-05
5.626633185088711464e+00 3.837938409096016551e-03 2.999999999999999737e-05
5.570923945632387131e+00 3.865526252659225344e-03 2.999999999999999737e-05
5.515766282804344556e+00 3.917673754137123397e-03 2.999999999999999737e-05
5.461154735449845532e+00 3.783653602575500017e-03 2.999999999999999737e-05
5.407083896484995655e+00 3.641215067728110176e-03 2.999999999999999737e-05
5.353548412361381459e+00 3.717901242827659474e-03 2.999999999999999737e-05
5.300542982536021519e+00 3.480109543883267743e-03 2.999999999999999737e-05
5.248062358946555150e+00 3.584208642052702856e-03 2.999999999999999737e-05
5.196101345491639378e+00 3.869308752513256257e-03 2.999999999999999737e-05
5.144654797516475142e+00 3.547180893487188354e-03 2.999999999999999737e-05
5.093717621303440524e+00 3.931225465901361758e-03 2.999999999999999737e-05
5.043284773567762613e+00 3.877905530045040478e-03 2.999999999999999737e-05
4.993351260958180937e+00 3.537529900953832133e-03 2.999999999999999737e-05
4.943912139562555375e+00 3.076850122216619535e-03 2.999999999999999737e-05
4.894962514418371491e+00 3.202360895336364959e-03 2.999999999999999737e-05
4.846497539028090884e+00 3.432698856987743442e-03 2.999999999999999737e-05
4.798512414879296806e+00 3.400935345325263072e-03 2.999999999999999737e-05
4.751002390969600420e+00 3.131506883184266652e-03 2.999999999999999737e-05
4.703962763336238417e+00 3.187255923581477739e-03 2.999999999999999737e-05
4.657388874590335348e+00 3.008587694133853328e-03 2.999999999999999737e-05
4.611276113455778258e+00 3.332701121577489375e-03 2.999999999999999737e-05
4.565619914312651240e+00 2.965705277996190641e-03 2.999999999999999737e-05
4.520415756745198799e+00 3.158763269178573724e-03 2.999999999999999737e-05
4.475659165094256764e+00 3.077064014977374824e-03 2.999999999999999737e-05
4.431345708014116092e+00 2.722650652395840112e-03 2.999999999999999737e-05
4.387470998033777825e+00 2.795477486556527912e-03 2.999999999999999737e-05
4.344030691122553023e+00 2.729764337048192283e-03 2.999999999999999737e-05
4.301020486259953479e+00 2.542298024598464018e-03 2.999999999999999737e-05
4.258436125009854578e+00 2.388510266407281590e-03 2.999999999999999737e-05
4.216273391098866341e+00 2.364272127120945009e-03 2.999999999999999737e-05
4.174528109998877135e+00 2.394371918288899521e-03 2.999999999999999737e-05
4.133196148513740731e+00 2.389911326210042691e-03 2.999999999999999737e-05
4.092273414370040108e+00 2.421100139647185557e-03 2.999999999999999737e-05
4.051755855811920881e+00 2.454118135035660529e-03 2.999999999999999737e-05
4.011639461199922430e+00 2.344812574118190426e-03 2.999999999999999737e-05
3.971920258613783616e+00 2.374102958257389134e-03 2.999999999999999737e-05
3.932594315459191581e+00 2.386651100834699581e-03 2.999999999999999737e-05
3.893657738078407426e+00 2.362075847103270714e-03 2.999999999999999737e-05
3.855106671364760818e+00 2.291422254815373653e-03 2.999999999999999737e-05
3.816937298380950860e+00 2.195289355314231170e-03 2.999999999999999737e-05
3.779145839981139510e+00 2.137252577290902223e-03 2.999999999999999737e-05
3.741728554436771326e+00 2.094367034263939532e-03 2.999999999999999737e-05
3.704681737066110259e+00 1.976800369490244302e-03 2.999999999999999737e-05
3.668001719867436616e+00 1.902934211741968149e-03 2.999999999999999737e-05
3.631684871155877570e+00 1.858018379665128455e-03 2.999999999999999737e-05
3.595727595203838334e+00 1.823449407360515752e-03 2.999999999999999737e-05
3.560126331884988726e+00 1.756024712806607702e-03 2.999999999999999737e-05
3.524877556321771355e+00 1.782159770023634005e-03 2.999999999999999737e-05
3.489977778536407005e+00 1.667918579539231496e-03 2.999999999999999737e-05
3.455423543105353712e+00 1.560260236697832070e-03 2.999999999999999737e-05
3.421211428817182210e+00 1.625983076430319437e-03 2.999999999999999737e-05
3.387338048333843332e+00 1.565567393055742815e-03 2.999999999999999737e-05
3.353800047855290511e+00 1.474590791706691540e-03 2.999999999999999737e-05
3.320594106787416067e+00 1.431688661083235000e-03 2.999999999999999737e-05
3.287716937413283524e+00 1.416770906644616293e-03 2.999999999999999737e-05
3.255165284567607564e+00 1.403576936856999876e-03 2.999999999999999737e-05
3.222935925314462935e+00 1.394262700591169125e-03 2.999999999999999737e-05
3.191025668628181045e+00 1.289572035894719819e-03 2.999999999999999737e-05
3.159431355077406689e+00 1.284700355064562769e-03 2.999999999999999737e-05
3.128149856512283833e+00 1.273532386942722401e-03 2.999999999999999737e-05
3.097178075754736692e+00 1.289039523586158441e-03 2.999999999999999737e-05
3.066512946291818587e+00 1.105696713914978545e-03 2.999999999999999737e-05
3.036151431972097470e+00 1.145667568392813454e-03 2.999999999999999737e-05
3.006090526705047061e+00 1.111955674474681159e-03 2.999999999999999737e-05
2.976327254163412928e+00 1.099284740812107690e-03 2.999999999999999737e-05
2.946858667488527761e+00 1.077567150025459265e-03 2.999999999999999737e-05
2.917681848998542549e+00 1.068651407783636174e-03 2.999999999999999737e-05
2.888793909899546541e+00 9.839658847566642563e-04 2.999999999999999737e-05
2.860191989999551154e+00 9.655194710373264091e-04 2.999999999999999737e-05
2.831873257425297830e+00 9.663261319254512396e-04 2.999999999999999737e-05
2.803834908341879206e+00 9.463470810071200091e-04 2.999999999999999737e-05
2.776074166675128296e+00 9.284966891026652383e-04 2.999999999999999737e-05
2.748588283836760127e+00 9.159878336856637406e-04 2.999999999999999737e-05
2.721374538452237868e+00 8.304537551140973211e-04 2.999999999999999737e-05
2.694430236091324815e+00 9.534149194286740134e-04 2.999999999999999737e-05
2.667752709001311562e+00 8.997888435016694435e-04 2.999999999999999737e-05
2.641339315842882840e+00 8.028246810758404156e-04 2.999999999999999737e-05
2.615187441428596937e+00 7.733292531788227503e-04 2.999999999999999737e-05
2.589294496463957262e+00 8.082431342224560052e-04 2.999999999999999737e-05
2.563657917291046751e+00 8.379202754934284448e-04 2.999999999999999737e-05
2.538275165634700237e+00 8.294944305154474664e-04 2.999999999999999737e-05
2.513143728351188155e+00 8.052333711845178349e-04 2.999999999999999737e-05
2.488261117179394244e+00 7.591495715685642664e-04 2.999999999999999737e-05
2.463624868494449949e+00 7.193851009095256471e-04 2.999999999999999737e-05
2.439232543063811764e+00 7.348718338496491647e-04 2.999999999999999737e-05
2.415081725805753532e+00 7.289827613354485500e-04 2.999999999999999737e-05
2.391170025550251044e+00 6.296603675285274539e-04 2.999999999999999737e-05
2.367495074802228761e+00 7.644894062410817134e-04 2.999999999999999737e-05
2.344054529507157536e+00 6.686868731256075549e-04 2.999999999999999737e-05
2.320846068818967822e+00 6.252151636606910479e-04 2.999999999999999737e-05
2.297867394870265034e+00 7.407376627236298729e-04 2.999999999999999737e-05
2.275116232544817318e+00 6.131581527525200919e-04 2.999999999999999737e-05
2.252590329252293522e+00 6.502347596859429186e-04 2.999999999999999737e-05
2.230287454705241146e+00 6.676182246856483728e-04 2.999999999999999737e-05
2.208205400698258991e+00 6.157318715359499667e-04 2.999999999999999737e-05
2.186341980889365377e+00 6.326894248684231852e-04 2.999999999999999737e-05
2.164695030583529967e+00 6.023277593271215199e-04 2.999999999999999737e-05
2.143262406518346097e+00 5.856956595691375968e-04 2.999999999999999737e-05
2.122041986651828083e+00 5.728908175164285207e-04 2.999999999999999737e-05
2.101031669952305059e+00 4.900812800252480651e-04 2.999999999999999737e-05
2.080229376190401158e+00 5.514891843677482324e-04 2.999999999999999737e-05
2.059633045733070489e+00 4.643063594650236070e-04 2.999999999999999737e-05
2.039240639339673589e+00 4.183775870628877731e-04 2.999999999999999737e-05
2.019050137960073155e+00 3.590174254580184745e-04 2.999999999999999737e-05
1.999059542534725509e+00 3.922415685812392070e-04 2.999999999999999737e-05
1.979266873796758031e+00 3.617188537827781139e-04 2.999999999999999737e-05
1.959670172075998140e+00 3.477470505974816924e-04 2.999999999999999737e-05
1.940267497104948502e+00 3.180216250650113978e-04 2.999999999999999737e-05
1.921056927826681582e+00 3.549172072699676860e-04 2.999999999999999737e-05
1.902036562204635128e+00 2.674143951597432499e-04 2.999999999999999737e-05
1.883204517034292147e+00 2.706403750982953036e-04 2.999999999999999737e-05
1.864558927756724938e+00 2.750261502879466848e-04 2.999999999999999737e-05
1.846097948273984990e+00 3.059136276338032703e-04 2.999999999999999737e-05
1.827819750766321860e+00 2.944046771009615712e-04 2.999999999999999737e-05
1.809722525511209934e+00 3.064326958688594793e-04 2.999999999999999737e-05
1.791804480704168201e+00 2.858705537399496986e-04 2.999999999999999737e-05
1.774063842281354608e+00 3.117842872377020024e-04 2.999999999999999737e-05
1.756498853743915012e+00 3.349957413709105580e-04 2.999999999999999737e-05
1.739107775984074289e+00 3.357374687464030898e-04 2.999999999999999737e-05
1.721888887112944966e+00 3.137995458895843719e-04 2.999999999999999737e-05
1.704840482290044701e+00 3.578454375271991768e-04 2.999999999999999737e-05
1.687960873554499530e+00 3.961857362045376695e-04 2.999999999999999737e-05
1.671248389657920441e+00 3.768158869723835236e-04 2.999999999999999737e-05
1.654701375898931071e+00 4.112783804687722118e-04 2.999999999999999737e-05
1.638318193959337421e+00 4.163338494879940672e-04 2.999999999999999737e-05
1.622097221741918505e+00 3.210465171049317525e-04 2.999999999999999737e-05
1.606036853209820148e+00 3.335244824012299379e-04 2.999999999999999737e-05
1.590135498227544852e+00 2.701519635475309301e-04 2.999999999999999737e-05
1.574391582403509737e+00 2.939066040580658569e-04 2.999999999999999737e-05
1.558803546934167894e+00 2.661452837174157929e-04 2.999999999999999737e-05
1.543369848449671178e+00 2.412089966827195362e-04 2.999999999999999737e-05
1.528088958861060442e+00 2.685720147284221117e-04 2.999999999999999737e-05
1.512959365208970564e+00 2.184134347649226962e-04 2.999999999999999737e-05
1.497979569513832487e+00 2.241459055432374031e-04 2.999999999999999737e-05
1.483148088627556760e+00 1.408890614168993973e-04 2.999999999999999737e-05
1.468463454086690101e+00 1.967348997503586406e-04 2.999999999999999737e-05
1.453924211967019708e+00 1.821671429206015477e-04 2.999999999999999737e-05
1.439528922739623740e+00 1.459410004293261345e-04 2.999999999999999737e-05
1.425276161128340213e+00 1.678961245259988670e-04 2.999999999999999737e-05
1.411164515968653665e+00 1.280846527908886074e-04 2.999999999999999737e-05
1.397192590067974027e+00 1.516280432247192199e-04 2.999999999999999737e-05
1.383359000067300837e+00 2.118707044953082165e-04 2.999999999999999737e-05
1.369662376304258355e+00 6.411876928223311475e-05 2.999999999999999737e-05
1.356101362677483380e+00 1.116905592418137699e-04 2.999999999999999737e-05
1.342674616512359975e+00 1.811231250775684133e-04 2.999999999999999737e-05
1.329380808428079153e+00 2.226924820171618364e-04 2.999999999999999737e-05
1.316218622206019040e+00 3.141323552851700519e-04 2.999999999999999737e-05
1.303186754659424462e+00 3.460231832511892242e-04 2.999999999999999737e-05
1.290283915504380818e+00 2.469330296954965658e-04 2.999999999999999737e-05
1.277508827232060051e+00 2.878439505838037036e-04 2.999999999999999737e-05
1.264860224982237824e+00 2.309724880281781420e-04 2.999999999999999737e-05
1.252336856418057032e+00 3.459317435175811675e-04 2.999999999999999737e-05
1.239937481602036762e+00 3.092178416789589826e-04 2.999999999999999737e-05
1.227660872873303610e+00 3.652013538700761477e-04 2.999999999999999737e-05
1.215505814726043354e+00 2.280408033740446625e-04 2.999999999999999737e-05
1.203471103689151889e+00 3.118567278004332594e-04 2.999999999999999737e-05
1.191555548207080761e+00 2.155205531880854779e-04 2.999999999999999737e-05
1.179757968521861988e+00 2.390812598520255952e-04 2.999999999999999737e-05
1.168077196556299047e+00 2.153798158652653469e-04 2.999999999999999737e-05
1.156512075798315831e+00 2.031295023822005910e-04 2.999999999999999737e-05
1.145061461186451135e+00 2.375596130402161455e-04 2.999999999999999737e-05
1.133724218996486455e+00 2.284235852791746040e-04 2.999999999999999737e-05
1.122499226729194666e+00 1.852036621369453930e-04 2.999999999999999737e-05
1.111385372999202481e+00 2.104346689115315098e-04 2.999999999999999737e-05
1.100381557424953138e+00 2.439236679761253696e-04 2.999999999999999737e-05
1.089486690519755552e+00 2.501715468875177891e-04 2.999999999999999737e-05
1.078699693583916597e+00 2.883636144039631753e-04 2.999999999999999737e-05
1.068019498597936989e+00 3.148343045337851807e-04 2.999999999999999737e-05
1.057445048116769204e+00 2.170950043857683811e-04 2.999999999999999737e-05
1.046975295165118336e+00 2.301127445016700119e-04 2.999999999999999737e-05
1.036609203133780355e+00 2.283142678179691598e-04 2.999999999999999737e-05
1.026345745677010202e+00 2.031005790906283181e-04 2.999999999999999737e-05
1.016183906610901300e+00 2.357034260677123101e-04 2.999999999999999737e-05
1.006122679812773590e+00 1.956638919943372258e-04 2.999999999999999737e-05
9.961610691215579960e-01 2.380243957305992059e-04 2.999999999999999737e-05
9.862980882391664261e-01 1.851949812742268754e-04 2.999999999999999737e-05
9.765327606328380039e-01 2.356805744301420367e-04 2.999999999999999737e-05
9.668641194384535176e-01 2.150001380535848346e-04 2.999999999999999737e-05
9.572912073648053299e-01 2.269351052985769002e-04 2.999999999999999737e-05
9.478130765988174167e-01 2.200867273586246716e-04 2.999999999999999737e-05
9.384287887117003235e-01 2.013312228361782892e-04 2.999999999999999737e-05
9.291374145660399320e-01 2.230802575160802494e-04 2.999999999999999737e-05
9.199380342238018260e-01 2.606546833075138445e-04 2.999999999999999737e-05
9.108297368552494833e-01 2.364525689467274639e-04 2.999999999999999737e-05
9.018116206487618580e-01 2.043308694079044917e-04 2.999999999999999737e-05
8.928827927215462479e-01 2.036390872345805411e-04 2.999999999999999737e-05
8.840423690312340099e-01 2.294930333448988566e-04 2.999999999999999737e-05
8.752894742883503554e-01 2.129007196281486542e-04 2.999999999999999737e-05
8.666232418696537820e-01 2.142532553234698285e-04 2.999999999999999737e-05
8.580428137323306004e-01 2.111283379207489614e-04 2.999999999999999737e-05
8.495473403290402237e-01 2.436172301644552664e-04 2.999999999999999737e-05
8.411359805238021181e-01 1.774424974278285684e-04 2.999999999999999737e-05
8.328079015087149761e-01 1.647653603590628333e-04 2.999999999999999737e-05
8.245622787215000082e-01 1.308192496525848554e-04 2.999999999999999737e-05
8.163982957638614701e-01 1.719418746656934153e-04 2.999999999999999737e-05
8.083151443206548770e-01 2.177933356666573994e-04 2.999999999999999737e-05
8.003120240798563545e-01 1.986354287095820062e-04 2.999999999999999737e-05
7.923881426533231354e-01 1.682373984867794985e-04 2.999999999999999737e-05
7.845427154983398710e-01 1.652107492501494438e-04 2.999999999999999737e-05
7.767749658399403234e-01 2.103318957030896768e-04 2.999999999999999737e-05
7.690841245940003290e-01 3.623539438581917639e-05 2.999999999999999737e-05
7.614694302910893775e-01 1.503375159332343209e-04 2.999999999999999737e-05
7.539301290010786971e-01 1.567762471185677874e-04 2.999999999999999737e-05
7.464654742584937441e-01 1.800927679445655193e-04 2.999999999999999737e-05
7.390747269886076554e-01 1.591080980565610079e-04 2.999999999999999737e-05
7.317571554342650053e-01 1.925795080912530584e-04 2.999999999999999737e-05
7.245120350834306500e-01 2.007462958522064677e-04 2.999999999999999737e-05
7.173386485974559967e-01 2.600204155692880412e-04 2.999999999999999737e-05
7.102362857400554841e-01 1.475328295974889271e-04 2.999999999999999737e-05
7.032042433069857212e-01 2.031792503142565735e-04 2.999999999999999737e-05
6.962418250564214039e-01 1.961234772814690456e-04 2.999999999999999737e-05
6.893483416400212338e-01 2.511875770753744575e-04 2.999999999999999737e-05
6.825231105346745153e-01 2.558174486781130351e-04 2.999999999999999737e-05
6.757654559749252110e-01 2.676360778407396290e-04 2.999999999999999737e-05
6.690747088860645730e-01 2.090145877452607873e-04 2.999999999999999737e-05
