1.323996230349877479e+01 2.542757319910668098e-02 2.999999999999999737e-05
1.310887356782057012e+01 2.544047641130190926e-02 2.999999999999999737e-05
1.297908274041640553e+01 2.544455698927831563e-02 2.999999999999999737e-05
1.285057697070931226e+01 2.543688675917577663e-02 2.999999999999999737e-05
1.272334353535575424e+01 2.539957533835757175e-02 2.999999999999999737e-05
1.259736983698589619e+01 2.543496821846360015e-02 2.999999999999999737e-05
1.247264340295633467e+01 2.541830674848047020e-02 2.999999999999999737e-05
1.234915188411518194e+01 2.537963150845908705e-02 2.999999999999999737e-05
1.222688305357938887e+01 2.545462857706086088e-02 2.999999999999999737e-05
1.210582480552414708e+01 2.546841181178690836e-02 2.999999999999999737e-05
1.198596515398430462e+01 2.537187874491635478e-02 2.999999999999999737e-05
1.186729223166762992e+01 2.540034255472450875e-02 2.999999999999999737e-05
1.174979428877982990e+01 2.544167478906212213e-02 2.999999999999999737e-05
1.163345969186121920e+01 2.537751225562967158e-02 2.999999999999999737e-05
1.151827692263487002e+01 2.543740917989563421e-02 2.999999999999999737e-05
1.140423457686620701e+01 2.538415708572096599e-02 2.999999999999999737e-05
1.129132136323386781e+01 2.543521825655879753e-02 2.999999999999999737e-05
1.117952610221174936e+01 2.539339654690020778e-02 2.999999999999999737e-05
1.106883772496212970e+01 2.546544762958882074e-02 2.999999999999999737e-05
1.095924527223973222e+01 2.539783938024070195e-02 2.999999999999999737e-05
1.085073789330666472e+01 2.539258616003547270e-02 2.999999999999999737e-05
1.074330484485808412e+01 2.540448444299812925e-02 2.999999999999999737e-05
1.063693548995849980e+01 2.542025884041539119e-02 2.999999999999999737e-05
1.053161929698861421e+01 2.541679714895343778e-02 2.999999999999999737e-05
1.042734583860258724e+01 2.543419307302631494e-02 2.999999999999999737e-05
1.032410479069563181e+01 2.542061073044122113e-02 2.999999999999999737e-05
1.022188593138181290e+01 2.538477195312341742e-02 2.999999999999999737e-05
1.012067913998199487e+01 2.535505870294425118e-02 2.999999999999999737e-05
1.002047439602177548e+01 2.545510490265733700e-02 2.999999999999999737e-05
9.921261778239381712e+00 2.544119181052256415e-02 2.999999999999999737e-05
9.823031463603349778e+00 2.538871884485389280e-02 2.999999999999999737e-05
9.725773726339950187e+00 2.543031546261831713e-02 2.999999999999999737e-05
9.629478936970249592e+00 2.542358648854046305e-02 2.999999999999999737e-05
9.534137561356683221e+00 2.546185611234548507e-02 2.999999999999999737e-05
9.439740159759089977e+00 2.543411360359456100e-02 2.999999999999999737e-05
9.346277385900089385e+00 2.540291911180829129e-02 2.999999999999999737e-05
9.253739986039693832e+00 2.539014001103885240e-02 2.999999999999999737e-05
9.162118798059102787e+00 2.541916772929574131e-02 2.999999999999999737e-05
9.071404750553567098e+00 2.543147537406008005e-02 2.999999999999999737e-05
8.981588861934222123e+00 2.545526862557786693e-02 2.999999999999999737e-05
8.892662239538834612e+00 2.543049964230733456e-02 2.999999999999999737e-05
8.804616078751321240e+00 2.539829363338557897e-02 2.999999999999999737e-05
8.717441662130022806e+00 2.544897253612285470e-02 2.999999999999999737e-05
8.631130358544575998e+00 2.543664996645667031e-02 2.999999999999999737e-05
8.545673622321363183e+00 2.545775561503373086e-02 2.999999999999999737e-05
8.461062992397387461e+00 2.543978286434277550e-02 2.999999999999999737e-05
8.377290091482562318e+00 2.550007743300715043e-02 2.999999999999999737e-05
8.294346625230261338e+00 2.551364130825925156e-02 2.999999999999999737e-05
8.212224381416099561e+00 2.551154424913977189e-02 2.999999999999999737e-05
8.130915229124850541e+00 2.550640856335038148e-02 2.999999999999999737e-05
8.050411117945397876e+00 2.548877871934381381e-02 2.999999999999999737e-05
7.970704077173661695e+00 2.549275829096196017e-02 2.999999999999999737e-05
7.891786215023426365e+00 2.551726392359138229e-02 2.999999999999999737e-05
7.813649717844977083e+00 2.551607533271301603e-02 2.999999999999999737e-05
7.736286849351461825e+00 2.553861273195682374e-02 2.999999999999999737e-05
7.659689949852931612e+00 2.546659625355096254e-02 2.999999999999999737e-05
7.583851435497953375e+00 2.552841825557193925e-02 2.999999999999999737e-05
7.508763797522725270e+00 2.546282058983021304e-02 2.999999999999999737e-05
7.434419601507648245e+00 2.545296949540716211e-02 2.999999999999999737e-05
7.360811486641236634e+00 2.552044102992158392e-02 2.999999999999999737e-05
7.287932164991324235e+00 2.547704781632159632e-02 2.999999999999999737e-05
7.215774420783487741e+00 2.550158072884498375e-02 2.999999999999999737e-05
7.144331109686621772e+00 2.547132292818547056e-02 2.999999999999999737e-05
7.073595158105566050e+00 2.554041009044782581e-02 2.999999999999999737e-05
7.003559562480758949e+00 2.548848489135692105e-02 2.999999999999999737e-05
6.934217388594810849e+00 2.545686140201431150e-02 2.999999999999999737e-05
6.865561770885950210e+00 2.555226618129856353e-02 2.999999999999999737e-05
6.797585911768267763e+00 2.553913077602050843e-02 2.999999999999999737e-05
6.730283080958680664e+00 2.550655836438090254e-02 2.999999999999999737e-05
6.663646614810574853e+00 2.558426867264703905e-02 2.999999999999999737e-05
6.597669915654034156e+00 2.559779376808586290e-02 2.999999999999999737e-05
6.532346451142608146e+00 2.550400507952717624e-02 2.999999999999999737e-05
6.467669753606543281e+00 2.545343229774428215e-02 2.999999999999999737e-05
6.403633419412418704e+00 2.553636974458756148e-02 2.999999999999999737e-05
6.340231108329128062e+00 2.542867459885811768e-02 2.999999999999999737e-05
6.277456542900125669e+00 2.544262120060125643e-02 2.999999999999999737e-05
6.215303507821907658e+00 2.544538688911713101e-02 2.999999999999999737e-05
6.153765849328621584e+00 2.546517027400667030e-02 2.999999999999999737e-05
6.092837474582792900e+00 2.544641011523702048e-02 2.999999999999999737e-05
6.032512351072073287e+00 2.553250518483789894e-02 2.999999999999999737e-05
5.972784506011953987e+00 2.555860254688104363e-02 2.999999999999999737e-05
5.913648025754409510e+00 2.548486524973144277e-02 2.999999999999999737e-05
5.855097055202384659e+00 2.550789050743598047e-02 2.999999999999999737e-05
5.797125797230084032e+00 2.546332926114510883e-02 2.999999999999999737e-05
5.739728512108993819e+00 2.550255735137212793e-02 2.999999999999999737e-05
5.682899516939598605e+00 2.549357015290271491e-02 2.999999999999999737e-05
5.626633185088711464e+00 2.548734149408415917e-02 2.999999999999999737e-05
5.570923945632387131e+00 2.551382767669350266e-02 2.999999999999999737e-05
5.515766282804344556e+00 2.546723822900793383e-02 2.999999999999999737e-05
5.461154735449845532e+00 2.548907865604608733e-02 2.999999999999999737e-05
5.407083896484995655e+00 2.553780818459999366e-02 2.999999999999999737e-05
5.353548412361381459e+00 2.546672957129856099e-02 2.999999999999999737e-05
5.300542982536021519e+00 2.545374802158869090e-02 2.999999999999999737e-05
5.248062358946555150e+00 2.547291247906462164e-02 2.999999999999999737e-05
5.196101345491639378e+00 2.548734042886405607e-02 2.999999999999999737e-05
5.144654797516475142e+00 2.545652327001571291e-02 2.999999999999999737e-05
5.093717621303440524e+00 2.544259664019662276e-02 2.999999999999999737e-05
5.043284773567762613e+00 2.546639961102126551e-02 2.999999999999999737e-05
4.993351260958180937e+00 2.546149244516741558e-02 2.999999999999999737e-05
4.943912139562555375e+00 2.545921341515681308e-02 2.999999999999999737e-05
4.894962514418371491e+00 2.546653246618140604e-02 2.999999999999999737e-05
4.846497539028090884e+00 2.547013189426212271e-02 2.999999999999999737e-05
4.798512414879296806e+00 2.549091049078314186e-02 2.999999999999999737e-05
4.751002390969600420e+00 2.547326314002179917e-02 2.999999999999999737e-05
4.703962763336238417e+00 2.547751680619889450e-02 2.999999999999999737e-05
4.657388874590335348e+00 2.549272710623519747e-02 2.999999999999999737e-05
4.611276113455778258e+00 2.548611643083343800e-02 2.999999999999999737e-05
4.565619914312651240e+00 2.541093993489604297e-02 2.999999999999999737e-05
4.520415756745198799e+00 2.548310006233992300e-02 2.999999999999999737e-05
4.475659165094256764e+00 2.545022957386276416e-02 2.999999999999999737e-05
4.431345708014116092e+00 2.548070269562444784e-02 2.999999999999999737e-05
4.387470998033777825e+00 2.549094892034953902e-02 2.999999999999999737e-05
4.344030691122553023e+00 2.544889975757778575e-02 2.999999999999999737e-05
4.301020486259953479e+00 2.549181957225082201e-02 2.999999999999999737e-05
4.258436125009854578e+00 2.546578851758884987e-02 2.999999999999999737e-05
4.216273391098866341e+00 2.538404310661212734e-02 2.999999999999999737e-05
4.174528109998877135e+00 2.541684093167428590e-02 2.999999999999999737e-05
4.133196148513740731e+00 2.533781144428269225e-02 2.999999999999999737e-05
4.092273414370040108e+00 2.538235105179636325e-02 2.999999999999999737e-05
4.051755855811920881e+00 2.532692459869242615e-02 2.999999999999999737e-05
4.011639461199922430e+00 2.536160302064524585e-02 2.999999999999999737e-05
3.971920258613783616e+00 2.531296403777084925e-02 2.999999999999999737e-05
3.932594315459191581e+00 2.532073091195277334e-02 2.999999999999999737e-05
3.893657738078407426e+00 2.537992304912440808e-02 2.999999999999999737e-05
3.855106671364760818e+00 2.540599153431468554e-02 2.999999999999999737e-05
3.816937298380950860e+00 2.529545208018992020e-02 2.999999999999999737e-05
3.779145839981139510e+00 2.533775471371708596e-02 2.999999999999999737e-05
3.741728554436771326e+00 2.535950602380887195e-02 2.999999999999999737e-05
3.704681737066110259e+00 2.534993276678712895e-02 2.999999999999999737e-05
3.668001719867436616e+00 2.540369727501035069e-02 2.999999999999999737e-05
3.631684871155877570e+00 2.536678531475901333e-02 2.999999999999999737e-05
3.595727595203838334e+00 2.538153348926381822e-02 2.999999999999999737e-05
3.560126331884988726e+00 2.539834879675421930e-02 2.999999999999999737e-05
3.524877556321771355e+00 2.543987597722665792e-02 2.999999999999999737e-05
3.489977778536407005e+00 2.541783101900600694e-02 2.999999999999999737e-05
3.455423543105353712e+00 2.540923412248296057e-02 2.999999999999999737e-05
3.421211428817182210e+00 2.536223504223437258e-02 2.999999999999999737e-05
3.387338048333843332e+00 2.542167625607372541e-02 2.999999999999999737e-05
3.353800047855290511e+00 2.542873500040960730e-02 2.999999999999999737e-05
3.320594106787416067e+00 2.543157652007744032e-02 2.999999999999999737e-05
3.287716937413283524e+00 2.543421533339556770e-02 2.999999999999999737e-05
3.255165284567607564e+00 2.543017346534916234e-02 2.999999999999999737e-05
3.222935925314462935e+00 2.551222658450461381e-02 2.999999999999999737e-05
3.191025668628181045e+00 2.539544655410034754e-02 2.999999999999999737e-05
3.159431355077406689e+00 2.548365178751530596e-02 2.999999999999999737e-05
3.128149856512283833e+00 2.549716533900861504e-02 2.999999999999999737e-05
3.097178075754736692e+00 2.549079514397828081e-02 2.999999999999999737e-05
3.066512946291818587e+00 2.549673553610876803e-02 2.999999999999999737e-05
3.036151431972097470e+00 2.551517649078660979e-02 2.999999999999999737e-05
3.006090526705047061e+00 2.554750072545911022e-02 2.999999999999999737e-05
2.976327254163412928e+00 2.550049210206793357e-02 2.999999999999999737e-05
2.946858667488527761e+00 2.552610485992857711e-02 2.999999999999999737e-05
2.917681848998542549e+00 2.560853917210667921e-02 2.999999999999999737e-05
2.888793909899546541e+00 2.550670942415293393e-02 2.999999999999999737e-05
2.860191989999551154e+00 2.557436428573470200e-02 2.999999999999999737e-05
2.831873257425297830e+00 2.550894961594322649e-02 2.999999999999999737e-05
2.803834908341879206e+00 2.553833895496814693e-02 2.999999999999999737e-05
2.776074166675128296e+00 2.556975818618289001e-02 2.999999999999999737e-05
2.748588283836760127e+00 2.554280076228790386e-02 2.999999999999999737e-05
2.721374538452237868e+00 2.554463077132390278e-02 2.999999999999999737e-05
2.694430236091324815e+00 2.552242999962435824e-02 2.999999999999999737e-05
2.667752709001311562e+00 2.557441401312571250e-02 2.999999999999999737e-05
2.641339315842882840e+00 2.554220758977545150e-02 2.999999999999999737e-05
2.615187441428596937e+00 2.550266962073747742e-02 2.999999999999999737e-05
2.589294496463957262e+00 2.556109795142806965e-02 2.999999999999999737e-05
2.563657917291046751e+00 2.555967975747966067e-02 2.999999999999999737e-05
2.538275165634700237e+00 2.553268241397364108e-02 2.999999999999999737e-05
2.513143728351188155e+00 2.552004551969999993e-02 2.999999999999999737e-05
2.488261117179394244e+00 2.547457597247905839e-02 2.999999999999999737e-05
2.463624868494449949e+00 2.546212537107298696e-02 2.999999999999999737e-05
2.439232543063811764e+00 2.545547458422383127e-02 2.999999999999999737e-05
2.415081725805753532e+00 2.545616403559449251e-02 2.999999999999999737e-05
2.391170025550251044e+00 2.541177566856979778e-02 2.999999999999999737e-05
2.367495074802228761e+00 2.537960151367056605e-02 2.999999999999999737e-05
2.344054529507157536e+00 2.536377876538294107e-02 2.999999999999999737e-05
2.320846068818967822e+00 2.541898029155336552e-02 2.999999999999999737e-05
2.297867394870265034e+00 2.538950766029918552e-02 2.999999999999999737e-05
2.275116232544817318e+00 2.535922689264706945e-02 2.999999999999999737e-05
2.252590329252293522e+00 2.537209806244430238e-02 2.999999999999999737e-05
2.230287454705241146e+00 2.534922891898099342e-02 2.999999999999999737e-05
2.208205400698258991e+00 2.535177964750530422e-02 2.999999999999999737e-05
2.186341980889365377e+00 2.532969739707157525e-02 2.999999999999999737e-05
2.164695030583529967e+00 2.538619702338072368e-02 2.999999999999999737e-05
2.143262406518346097e+00 2.527094758070126332e-02 2.999999999999999737e-05
2.122041986651828083e+00 2.538892579643082029e-02 2.999999999999999737e-05
2.101031669952305059e+00 2.538858034449906556e-02 2.999999999999999737e-05
2.080229376190401158e+00 2.536784499773651197e-02 2.999999999999999737e-05
2.059633045733070489e+00 2.546827592993421499e-02 2.999999999999999737e-05
2.039240639339673589e+00 2.542081552223236438e-02 2.999999999999999737e-05
2.019050137960073155e+00 2.538596069198006955e-02 2.999999999999999737e-05
1.999059542534725509e+00 2.550107176192877717e-02 2.999999999999999737e-05
1.979266873796758031e+00 2.545044653148090599e-02 2.999999999999999737e-05
1.959670172075998140e+00 2.544571694073487211e-02 2.999999999999999737e-05
1.940267497104948502e+00 2.545522180772718038e-02 2.999999999999999737e-05
1.921056927826681582e+00 2.545473936986470537e-02 2.999999999999999737e-05
1.902036562204635128e+00 2.548889190152644341e-02 2.999999999999999737e-05
1.883204517034292147e+00 2.551557703777120045e-02 2.999999999999999737e-05
1.864558927756724938e+00 2.544206171186788254e-02 2.999999999999999737e-05
1.846097948273984990e+00 2.545772850856744055e-02 2.999999999999999737e-05
1.827819750766321860e+00 2.544652527454708754e-02 2.999999999999999737e-05
1.809722525511209934e+00 2.546015506342613408e-02 2.999999999999999737e-05
1.791804480704168201e+00 2.540139257599388287e-02 2.999999999999999737e-05
1.774063842281354608e+00 2.545987140653736824e-02 2.999999999999999737e-05
1.756498853743915012e+00 2.536786609927158334e-02 2.999999999999999737e-05
1.739107775984074289e+00 2.541701799225106959e-02 2.999999999999999737e-05
1.721888887112944966e+00 2.542713648136167223e-02 2.999999999999999737e-05
1.704840482290044701e+00 2.537447869636664730e-02 2.999999999999999737e-05
1.687960873554499530e+00 2.533172511865051935e-02 2.999999999999999737e-05
1.671248389657920441e+00 2.531726671464500783e-02 2.999999999999999737e-05
1.654701375898931071e+00 2.532609617989390813e-02 2.999999999999999737e-05
1.638318193959337421e+00 2.537287104759917283e-02 2.999999999999999737e-05
1.622097221741918505e+00 2.531031669636035070e-02 2.999999999999999737e-05
1.606036853209820148e+00 2.533469935743037915e-02 2.999999999999999737e-05
1.590135498227544852e+00 2.541254607081262773e-02 2.999999999999999737e-05
1.574391582403509737e+00 2.532896407652624957e-02 2.999999999999999737e-05
1.558803546934167894e+00 2.540052246916795278e-02 2.999999999999999737e-05
1.543369848449671178e+00 2.545031885145738679e-02 2.999999999999999737e-05
1.528088958861060442e+00 2.542250518533303166e-02 2.999999999999999737e-05
1.512959365208970564e+00 2.544011010579165163e-02 2.999999999999999737e-05
1.497979569513832487e+00 2.542861220558434790e-02 2.999999999999999737e-05
1.483148088627556760e+00 2.542636928628790038e-02 2.999999999999999737e-05
1.468463454086690101e+00 2.546244253020719939e-02 2.999999999999999737e-05
1.453924211967019708e+00 2.548075507420671099e-02 2.999999999999999737e-05
1.439528922739623740e+00 2.544659725584788243e-02 2.999999999999999737e-05
1.425276161128340213e+00 2.550190242420033795e-02 2.999999999999999737e-05
1.411164515968653665e+00 2.542833913904058232e-02 2.999999999999999737e-05
1.397192590067974027e+00 2.551000128562000424e-02 2.999999999999999737e-05
1.383359000067300837e+00 2.544111852711200550e-02 2.999999999999999737e-05
1.369662376304258355e+00 2.546314506023205845e-02 2.999999999999999737e-05
1.356101362677483380e+00 2.552695075498150751e-02 2.999999999999999737e-05
1.342674616512359975e+00 2.544926604045477311e-02 2.999999999999999737e-05
1.329380808428079153e+00 2.536979122966239938e-02 2.999999999999999737e-05
1.316218622206019040e+00 2.533282628875727430e-02 2.999999999999999737e-05
1.303186754659424462e+00 2.538173450063377010e-02 2.999999999999999737e-05
1.290283915504380818e+00 2.537323006707426290e-02 2.999999999999999737e-05
1.277508827232060051e+00 2.536036385790350900e-02 2.999999999999999737e-05
1.264860224982237824e+00 2.534058051895167127e-02 2.999999999999999737e-05
1.252336856418057032e+00 2.534135675224867199e-02 2.999999999999999737e-05
1.239937481602036762e+00 2.538411819615261217e-02 2.999999999999999737e-05
1.227660872873303610e+00 2.533756167965342532e-02 2.999999999999999737e-05
1.215505814726043354e+00 2.538755540889454237e-02 2.999999999999999737e-05
1.203471103689151889e+00 2.540935492908585891e-02 2.999999999999999737e-05
1.191555548207080761e+00 2.534934158089776138e-02 2.999999999999999737e-05
1.179757968521861988e+00 2.539680691596241796e-02 2.999999999999999737e-05
1.168077196556299047e+00 2.535740135806040935e-02 2.999999999999999737e-05
1.156512075798315831e+00 2.542076301411180794e-02 2.999999999999999737e-05
1.145061461186451135e+00 2.540229536345885511e-02 2.999999999999999737e-05
1.133724218996486455e+00 2.537083912468193758e-02 2.999999999999999737e-05
1.122499226729194666e+00 2.536370791047258891e-02 2.999999999999999737e-05
1.111385372999202481e+00 2.540494532205849268e-02 2.999999999999999737e-05
1.100381557424953138e+00 2.536152434511178277e-02 2.999999999999999737e-05
1.089486690519755552e+00 2.539706251275890281e-02 2.999999999999999737e-05
1.078699693583916597e+00 2.539259744367268826e-02 2.999999999999999737e-05
1.068019498597936989e+00 2.535736589251745901e-02 2.999999999999999737e-05
1.057445048116769204e+00 2.535828883083109803e-02 2.999999999999999737e-05
1.046975295165118336e+00 2.533761009547514514e-02 2.999999999999999737e-05
1.036609203133780355e+00 2.536773214113369895e-02 2.999999999999999737e-05
1.026345745677010202e+00 2.531602150805448842e-02 2.999999999999999737e-05
1.016183906610901300e+00 2.532639344781676197e-02 2.999999999999999737e-05
1.006122679812773590e+00 2.536622675711501518e-02 2.999999999999999737e-05
9.961610691215579960e-01 2.538395851987398574e-02 2.999999999999999737e-05
9.862980882391664261e-01 2.533980936747648807e-02 2.999999999999999737e-05
9.765327606328380039e-01 2.539458364988998046e-02 2.999999999999999737e-05
9.668641194384535176e-01 2.537663234626934272e-02 2.999999999999999737e-05
9.572912073648053299e-01 2.537470398711443378e-02 2.999999999999999737e-05
9.478130765988174167e-01 2.539216341607162392e-02 2.999999999999999737e-05
9.384287887117003235e-01 2.535598999925285299e-02 2.999999999999999737e-05
9.291374145660399320e-01 2.539948433235003980e-02 2.999999999999999737e-05
9.199380342238018260e-01 2.539531902763014076e-02 2.999999999999999737e-05
9.108297368552494833e-01 2.538415297673374954e-02 2.999999999999999737e-05
9.018116206487618580e-01 2.539245963329185909e-02 2.999999999999999737e-05
8.928827927215462479e-01 2.534789490601145265e-02 2.999999999999999737e-05
8.840423690312340099e-01 2.541324262473447504e-02 2.999999999999999737e-05
8.752894742883503554e-01 2.535446438422798640e-02 2.999999999999999737e-05
8.666232418696537820e-01 2.534507912762933024e-02 2.999999999999999737e-05
8.580428137323306004e-01 2.536547498502557396e-02 2.999999999999999737e-05
8.495473403290402237e-01 2.537538895371245148e-02 2.999999999999999737e-05
8.411359805238021181e-01 2.536293544576811651e-02 2.999999999999999737e-05
8.328079015087149761e-01 2.535785409674033361e-02 2.999999999999999737e-05
8.245622787215000082e-01 2.543766029132713685e-02 2.999999999999999737e-05
8.163982957638614701e-01 2.539114344862297007e-02 2.999999999999999737e-05
8.083151443206548770e-01 2.538763104911921642e-02 2.999999999999999737e-05
8.003120240798563545e-01 2.534647269181411131e-02 2.999999999999999737e-05
7.923881426533231354e-01 2.538371919281622729e-02 2.999999999999999737e-05
7.845427154983398710e-01 2.536824155217101001e-02 2.999999999999999737e-05
7.767749658399403234e-01 2.544932381172959959e-02 2.999999999999999737e-05
7.690841245940003290e-01 2.546457842323933407e-02 2.999999999999999737e-05
7.614694302910893775e-01 2.536819917380224790e-02 2.999999999999999737e-05
7.539301290010786971e-01 2.540109800994332784e-02 2.999999999999999737e-05
7.464654742584937441e-01 2.537239935958246484e-02 2.999999999999999737e-05
7.390747269886076554e-01 2.536967032112841247e-02 2.999999999999999737e-05
7.317571554342650053e-01 2.541262534074861801e-02 2.999999999999999737e-05
7.245120350834306500e-01 2.535858288000776908e-02 2.999999999999999737e-05
7.173386485974559967e-01 2.539326672584297714e-02 2.999999999999999737e-05
7.102362857400554841e-01 2.540829178640304983e-02 2.999999999999999737e-05
7.032042433069857212e-01 2.534640358645222358e-02 2.999999999999999737e-05
6.962418250564214039e-01 2.533459287246216107e-02 2.999999999999999737e-05
6.893483416400212338e-01 2.542286016324144318e-02 2.999999999999999737e-05
6.825231105346745153e-01 2.538817395737603608e-02 2.999999999999999737e-05
6.757654559749252110e-01 2.539469754959004441e-02 2.999999999999999737e-05
6.690747088860645730e-01 2.540057454760055039e-02 2.999999999999999737e-05
